2222222200002222222222222222222222222222
2222222200002222222222222222222222222222
2222222200002222222222220000000000222222
2222222200002222222222220000000000222222
2222222200002222222222220000222222222222
2222222200002222222222220000222222222222
2222222200002222222222220000222222222222
2222222200002222222222220000222222222222
2222222200000000000000000000000000000000
2222222200000000000000000000000000000000
2222222222222222000022222222222200002222
2222222222222222000022222222222200002222
2222222222222222000022222222222200002222
2200000000000000000022222222222200002222
2200000000000000000022222222222200002222
2222222222222222000022222222222200002222
2222222222222222000000000000000000002222
2222222222222222000000000000000000002222
2222222222222222222222222222222222222222
2222222222222222222222222222222222222222