2222222222222222222222222222222222222222
2222222222222222222222222222222222222222
2222222222222222222222222222222222222222
2222222200000000000000000000000000000000
2222222200000000000000000000000000000000
2222222200002222222222222222222222222222
2222222200002222222222222222222222222222
2222222200002222222222222222222222222222
2222222200002222222222222222222222222222
2222222200002222222222222222222222222222
2222222200002222222222222222222222222222
2222222200002222222222222222222222222222
2222222200002222222222222222222222222222
2222222200002222222222222222222222222222
2222222200002222222222222222222222222222
2222222200002222222222222222222222222222
2222222200002222222222222222222222222222
2222222200002222222222222222222222222222
2222222200002222222222222222222222222222
2222222200002222222222222222222222222222