2222222222222222220000222222222222222222
2222222222222222220000222222222222222222
2222222222222222220000222222222222222222
2222222222222200000000000022222222222222
2222222222220000000000000000222222222222
2222222222000000000000000000002222222222
2222222200000000000000000000000022222222
2222220000000000111111110000000000222222
2222220000000011222222221100000000222222
0000000000000011222222221100000000000000
0000000000000011222222221100000000000000
2222220000000011222222221100000000222222
2222220000000000111111110000000000222222
2222222200000000000000000000000022222222
2222222222000000000000000000002222222222
2222222222220000000000000000222222222222
2222222222222200000000000022222222222222
2222222222222222222222222222222222222222
2222222222222222222222222222222222222222
2222222222222222222222222222222222222222