2222222222222222222222222222222222222222
2222222222222222222222222222222222222222
2222222222222222222222222222222222222222
2222222222222222222222222222222222222222
2222222222222222222222222222222222222222
2222222222222222000000000000222222222222
2222222222222200000000000000002222222222
2222222222220000002222222200000022222222
2200000000000000222222222222000000222222
0000000000000022222222222222220000002222
0022222222222222222222222222220000002222
2222222222222222222222222222000000002222
2222222222222222222222222200000000222222
2222222222222222222222220000000022222222
2222222222222222222222000000222222222222
2222222222222222222200000022222222222222
2222222222222222222200002222222222222222
2222222222222222222222222222222222222222
2222222222222222222222222222222222222222
2222222222222222222222222222222222222222